0 0.5162548764629389 0.845929021424874 0.1274382314694408 0.13635158508717665
0 0.46944083224967487 0.6717019960357038 0.14564369310793232 0.14140164379410905
0 0.34720416124837444 0.5467130430391254 0.10403120936280878 0.10352620349211555
0 0.364109232769831 0.43939929551681045 0.07542262678803645 0.060600704483189605
0 0.5695708712613783 0.5176752054742636 0.06762028608582568 0.10100117413864936
0 0.5845253576072821 0.39016122312421886 0.06892067620286077 0.0732258512505208
0 0.7158647594278282 0.39394876715441823 0.06631989596879066 0.0909010567247845
0 0.24122236671001296 0.39142373780095197 0.08712613784135233 0.0959511154317169
0 0.18465539661898567 0.295472622369235 0.1248374512353706 0.08585099801785187
0 0.3439531859557867 0.3043102251063669 0.055916775032509775 0.08332596866438571
0 0.4947984395318595 0.20330905096771754 0.08972691807542262 0.0732258512505208
