0 0.3375690607734807 0.6369060773480664 0.16464088397790053 0.12154696132596676
0 0.6220994475138122 0.5858563535911603 0.15911602209944747 0.15071823204419893
0 0.48729281767955807 0.4910497237569062 0.09502762430939228 0.06806629834254146
0 0.3801104972375691 0.37679558011049735 0.06408839779005532 0.05834254143646412
0 0.46961325966850836 0.3549171270718233 0.0839779005524862 0.07779005524861882
0 0.5850828729281767 0.4314917127071819 0.1292817679558012 0.07049723756906136
0 0.7464088397790056 0.5226519337016575 0.08066298342541443 0.048618784530386705
0 0.6237569060773482 0.2321546961325967 0.12265193370165754 0.05591160220994475
0 0.5624309392265193 0.9266298342541437 0.19005524861878456 0.14674033149171264
0 0.5756906077348067 0.33546961325966856 0.06629834254143638 0.06806629834254142
0 0.5165745856353592 0.20176795580110501 0.08729281767955797 0.053480662983425444
