0 0.26043911668489134 0.8349705304518664 0.11719760250820109 0.16502946954813352
0 0.10612894004909318 0.6021611001964633 0.076829539422043 0.09233791748526585
0 0.4954854194930058 0.8084479371316305 0.11068662459107884 0.1316306483300589
0 0.6686774320884584 0.9007858546168959 0.1289173627590212 0.18664047151277002
0 0.9466530851145886 0.8831041257367389 0.10669382977082278 0.17092337917485267
0 0.6725840188387318 0.707269155206287 0.08464271292258971 0.07465618860510816
0 0.7363916024265302 0.6650294695481337 0.074225148255194 0.06090373280943034
0 0.7839217412215228 0.7524557956777995 0.09115369083971203 0.07858546168958754
0 0.8281963910579543 0.6689587426326129 0.06250538800437397 0.08447937131630638
0 0.5996610661669624 0.6385068762278978 0.06641197475464736 0.07072691552062871
0 0.5091584731189626 0.593320235756385 0.08334051733916524 0.05893909626719065
0 0.3483373185660421 0.6522593320235757 0.08464271292258968 0.05108055009823183
0 0.2806231482279704 0.6198428290766208 0.06120319242094943 0.05697445972495089
0 0.22267544476558207 0.6159135559921414 0.06250538800437394 0.06090373280943027
0 0.4798590724919123 0.5363457760314342 0.053390018920402654 0.0510805500982319
0 0.5710127633316243 0.555992141453831 0.04297245425300709 0.0510805500982319
0 0.6634686497547606 0.5677799607072691 0.0898514952562875 0.07465618860510816
0 0.6999301260906455 0.5235756385068763 0.04818123658670501 0.03339882121807456
0 0.6061720440840845 0.5137524557956777 0.04818123658670487 0.02554027504911595
0 0.4961365172847179 0.4715127701375246 0.046879041003280476 0.03929273084479377
0 0.32619999364782637 0.5255402750491158 0.02995049841876252 0.0333988212180747
0 0.24285947630866114 0.5265225933202358 0.050785627753553796 0.0392927308447937
0 0.2871341261450927 0.41552062868369355 0.06380758358779837 0.04911591355599214
0 0.44730418290630086 0.42730844793713163 0.04557684541985594 0.02554027504911595
