0 0.5026007802340703 0.8992890995260663 0.19115734720416128 0.14267005220049442
0 0.19765929778933683 0.47361779623934575 0.23146944083224968 0.12863693231192103
0 0.17360208062418725 0.696978287799136 0.10533159947984394 0.08419871933143924
0 0.036410923276983094 0.8911031129243986 0.06762028608582575 0.16839743866287848
0 0.2873862158647594 0.9519132991082158 0.2366710013003901 0.08419871933143924
0 0.4726918075422627 0.6899617278548493 0.12613784135240572 0.11694266573810999
0 0.2828348504551365 0.12512865233977777 0.10793237971391417 0.07250445275762825
0 0.029908972691807544 0.2186827849302658 0.04941482444733421 0.07250445275762822
0 0.6378413524057217 0.2280381981893146 0.07932379713914166 0.0537936262395306
0 0.5461638491547464 0.07835158604453372 0.34070221066319895 0.15202546545954307
0 0.8198959687906373 0.12746750565453996 0.08192457737321192 0.07718215938715264
0 0.799739921976593 0.3625222637881411 0.38751625487646296 0.1590420254038297
0 0.7958387516254877 0.5928993152922181 0.36931079323797134 0.13799234557096987
