0 0.41550148305022333 0.6414538310412573 0.3075790199202953 0.3477406679764244
0 0.07622023958551176 0.8565815324165029 0.14974241759277532 0.2868369351669942
0 0.07756927037463586 0.5463654193990591 0.15513854074927172 0.16856582131976006
0 0.6664212098273063 0.9322200392927309 0.20775074152511175 0.13555992141453843
0 0.829790509404477 0.7018102555879182 0.32413557464882503 0.39489194499017827
0 0.1443462944362789 0.38605108055009824 0.07554572419094971 0.08447937131630645
0 0.26643358085201013 0.34577603143418467 0.06880057024532917 0.0667976424361493
0 0.46811368382606333 0.4027504911591355 0.07554572419094967 0.06679764243614926
0 0.5753616315614295 0.40176817288801575 0.08229087813657024 0.09233791748526521
0 0.7547827265149349 0.34675834970530445 0.14974241759277532 0.10019646365422397
0 0.937760491070771 0.35952848722986247 0.12447901785845801 0.2278978388998035
0 0.648883809568693 0.24950884086444006 0.22393911099460098 0.0982318271119843
0 0.043843500646533314 0.3577603113440493 0.08768700129306663 0.06719056374900227
0 0.530169100125772 0.1768172888015717 0.12411083259941734 0.05893909626719058
0 0.8532619741209945 0.1866404715127701 0.1389501712797825 0.07072691552062867
0 0.674515394562051 0.1198428290766208 0.16997787942963677 0.05893909626719056
