0 0.36085825747724315 0.7975489803339105 0.09752925877763324 0.11694266573811006
0 0.11573472041612484 0.8840865529801121 0.2080624187256177 0.1590420254038297
0 0.2373211963589077 0.6946394344843738 0.05331599479843952 0.08887642596096355
0 0.5858257477243173 0.6946394344843738 0.09492847854356315 0.08887642596096355
0 0.4440832249674902 0.594068741949599 0.058517555266580035 0.11694266573810992
0 0.4089726918075423 0.7016559944286604 0.06892067620286085 0.056132479554292875
0 0.7893368010403121 0.6326598216431755 0.2782834850455137 0.16138087871859186
0 0.33029908972691807 0.4163158900276718 0.12223667100130044 0.14500890551525644
0 0.19505851755526657 0.36719997041766556 0.08842652795838751 0.07484330607239045
0 0.8764629388816645 0.4467209831195805 0.17165149544863453 0.22452991821717133
