0 0.09669695481335952 0.6660117878192534 0.17571218074656186 0.23575638506876231
0 0.4376227897838901 0.798624754420432 0.33816306483300596 0.3988212180746561
0 0.1475319253438114 0.4607072691552063 0.06962180746561888 0.07662082514734778
0 0.04144155206286837 0.43143418167803754 0.08288310412573674 0.057367381037803825
0 0.2574901768172888 0.4194499017681729 0.07514734774066799 0.07269155206286833
0 0.46967092337917477 0.49017681728880147 0.06851669941060898 0.08055009823182707
0 0.5735510805500982 0.487229862475442 0.09724950884086446 0.06286836935166995
0 0.4967460707269155 0.40176817288801575 0.08509332023575639 0.05304518664047151
0 0.48348477406679763 0.33988212180746563 0.05857072691552062 0.055009823182711165
0 0.7586566797642437 0.4106090373280943 0.14918958742632613 0.10609037328094302
0 0.8265594302554027 0.7760314341846758 0.3468811394891945 0.4479371316306483
0 0.9337549115913558 0.4324164999491573 0.12143909626719065 0.27151276414192965
0 0.6591969548133594 0.29960707269155207 0.24643909626719065 0.10412573673870337
0 0.5238212180746562 0.21512770137524556 0.13924361493123777 0.07269155206286836
