0 0.4180754226267881 0.7152145643693107 0.22496749024707405 0.10576506285218898
0 0.07282184655396617 0.6545296922410055 0.14564369310793235 0.0953619419159076
0 0.15929778933680105 0.5626354573038577 0.14694408322496752 0.08495882097962687
0 0.42847854356306897 0.6042479410489814 0.10533159947984394 0.05374945817078455
0 0.576072821846554 0.6363242306025141 0.13003901170351115 0.07282184655396634
0 0.6553966189856957 0.835717381881231 0.13003901170351115 0.15604681404421328
0 0.7275682704811444 0.5192891200693542 0.07932379713914173 0.05374945817078462
0 0.6150845253576073 0.47767663632423063 0.15864759427828345 0.043346337234503735
0 0.41482444733420026 0.506285218899003 0.08842652795838753 0.02427394885132216
0 0.5429128738621587 0.5643693107932379 0.10013003901170357 0.05721716514954494
0 0.247074122236671 0.46987429562201993 0.07802340702210668 0.031209362808842726
0 0.31339401820546164 0.43779800606848723 0.07542262678803642 0.0364109232769831
