0 0.4544863459037714 0.8998699609882961 0.2691807542262674 0.1941915908105759
0 0.6651495448634591 0.5869094061551798 0.1417425227568271 0.1543129605548331
0 0.5578673602080625 0.4759427828348505 0.07022106631989601 0.0572171651495448
0 0.7958387516254877 0.517555266579974 0.05721716514954494 0.071087993064586
0 0.7483745123537062 0.3658430862592111 0.18335500650195072 0.09016038144776772
0 0.4739921976592978 0.34416991764195926 0.08972691807542262 0.03641092327698317
0 0.217815344603381 0.4308625921109666 0.23276983094928483 0.07455570004334632
0 0.12028608582574772 0.7013437364542696 0.235370611183355 0.24794104898136113
0 0.29453836150845253 0.3224967490247074 0.2535760728218466 0.1144343302990897
0 0.47139141742522755 0.270481144343303 0.15994798439531854 0.0416124837451235
