0 0.21196358907672305 0.6884732086292554 0.14564369310793243 0.0712713814144243
0 0.37841352405721723 0.7518255476642993 0.11443433029908981 0.10294755093194624
0 0.21586475942782835 0.9268363842486079 0.0780234070221066 0.05701710513153941
0 0.46488946684005206 0.9086225867760328 0.07932379713914188 0.08077423226968079
0 0.9128738621586477 0.9244606715347939 0.11703511053315992 0.147294188256477
0 0.6378413524057218 0.8001317061785203 0.17815344603381028 0.3801140342102631
0 0.8114434330299091 0.6124504017872028 0.07802340702210657 0.1092827848354505
0 0.6157347204161249 0.5308842652795839 0.09492847854356314 0.06018472208329172
0 0.5767230169050716 0.45486145843753123 0.09492847854356314 0.05068187122803515
0 0.4505851755526659 0.43981527791670827 0.11313394018205464 0.07127138141442443
0 0.6807542262678804 0.41289053382681457 0.08712613784135242 0.0459304458004069
0 0.6189856957087126 0.31786202527424884 0.05461638491547454 0.03959521189690239
