0 0.35955786736020806 0.6345903771131338 0.18855656697009107 0.08091316283774014
0 0.2665799739921977 0.7467129027597166 0.09622886866059818 0.09247218610027459
0 0.37646293888166454 0.8345614795549775 0.10533159947984394 0.06010692096517843
0 0.5708712613784135 0.8299378702499638 0.12743823146944075 0.07860135818523332
0 0.7633289986996098 0.8391850888599913 0.1326397919375812 0.06010692096517843
0 0.4343302990897269 0.43461927467129025 0.12223667100130045 0.0647305302701922
0 0.2431729518855657 0.4172807397774887 0.05981794538361509 0.062418725617685314
0 0.812743823146944 0.21384193035688484 0.12483745123537063 0.08553677214275393
0 0.6879063719115734 0.03814477676636324 0.15344603381014296 0.07166594422771276
0 0.5858257477243173 0.6981650050570727 0.152145643693108 0.10171940471030197
0 0.5578673602080625 0.44386649328131766 0.06762028608582582 0.050859702355151054
0 0.18725617685305593 0.12599335356162403 0.09102730819245773 0.03930067909261666
0 0.03966189856957087 0.13524057217165147 0.0741222366710013 0.03467706978760294
