0 0.32769830949284784 0.6607996066245841 0.37711313394018203 0.2541536948556092
0 0.812743823146944 0.8017393828626947 0.31209362808842656 0.2726375999360172
0 0.6592977893368012 0.49791019310348916 0.21326397919375814 0.1270768474278046
0 0.42847854356306897 0.3662123694055825 0.17555266579973997 0.13169782369790664
0 0.21651495448634592 0.19408100334428346 0.21976592977893364 0.11552440675254969
0 0.5559167750325097 0.1917705152092325 0.2405721716514954 0.12938733556285567
0 0.9128738621586473 0.2345145457076759 0.1742522756827044 0.12707684742780467
0 0.7503250975292588 0.13747404403553412 0.1456436931079324 0.06238317964637684
0 0.23927178153446033 0.05429647117369834 0.1742522756827048 0.0670041559164788
0 0.6820546163849156 0.025415369485560932 0.1625487646293889 0.050830738971121864
