0 0.35760728218465543 0.5039011703511054 0.005201560468140442 0.0039011703511052788
0 0.5162548764629389 0.6085825747724317 0.2652795838751625 0.200260078023407
0 0.46944083224967487 0.8732119635890768 0.4655396618985695 0.235370611183355
0 0.10143042912873863 0.6228868660598179 0.18465539661898572 0.16124837451235371
0 0.12873862158647595 0.4102730819245774 0.24967490247074126 0.15214564369310793
0 0.6118335500650194 0.36996098829648894 0.20416124837451227 0.10273081924577379
0 0.4512353706111834 0.2756827048114434 0.3797139141742523 0.12483745123537054
0 0.15799739921976594 0.24967490247074126 0.1495448634590377 0.03641092327698306
0 0.3602080624187256 0.1872561768530559 0.1378413524057217 0.03381014304291286
0 0.6918075422626788 0.17815344603381014 0.15864759427828345 0.054616384915474665
